# f = open('errorPerIteration.csv','a',newline='')
# writer = csv.writer(f, delimiter=csv_delimiter)    

# for k in range(len(error_iter_array))
    # writer.writerow([j,k,error_iter_array[k]])
# f.close()         

####################################################################################################################

import numpy
from numpy import genfromtxt

big_file = open(r"C:\Users\AndréRodrigo\errorPerIteration.csv",'r',encoding='utf8')
lines = big_file.readlines()
big_file.close()

delimiter_char='	'
#line_1 = genfromtxt(lines[0], delimiter=delimiter_char, names=True)
feito = genfromtxt(lines[0:2], delimiter=delimiter_char, names=True)



####################################################################################################################
C:\Users\AndréRodrigo>python -i C:\RDFM\RDFM_LOCAL_MOVIELENS.py
0.797105590254489
0.7627103136540817
0.693340377717681
0.605074432054062
0.5104206347403824
17.126445055007935  Seconds
0.28544075091679894  Minutes
evaluation
min y [0.4]
max y [1.]
ololo =  [[-0.43697441 -0.51065737 -0.13912949 -0.62756076 -0.42687184 -0.30882927
  -0.23413741 -0.33808104 -0.5120613  -0.30793276 -0.50904087 -0.54374652
  -0.31189063 -0.43017159 -0.31430694 -0.4294476  -0.43293135 -0.30848738
  -0.22876921 -0.14355948  0.05321529 -0.54043794 -0.23075258 -0.34594038
  -0.1381514  -0.62596382 -0.54649801 -0.23463834 -0.5089288  -0.43645722
  -0.50998477 -0.50810161 -0.02989518 -0.30968273 -0.63071226 -0.30923035
  -0.70602042 -0.6334902  -0.50976185 -0.34200214 -0.02952618 -0.42999609
  -0.43205766 -0.42885558 -0.71078372 -0.23043003 -0.43436485 -0.70692674
  -0.33474707 -0.14784923 -0.43073343 -0.30729693 -0.34574007 -0.14539037
   0.05185188 -0.42589709  0.05234053 -0.11026445 -0.51443065 -0.43050719
  -0.50792594 -0.43079065 -0.42897758 -0.6276108  -0.51374989 -0.43249212
  -0.34069328 -0.1434043  -0.62924498 -0.33716435 -0.4317793  -0.63045319
  -0.54188845 -0.34335973 -0.42779345 -0.3482599  -0.42904301 -0.33888902
  -0.31071734 -0.50843288 -0.43082733 -0.7116705  -0.31386091 -0.11399445
  -0.30753838 -0.30687777 -0.50965281 -0.13789241 -0.4335884  -0.42612364
  -0.63050631 -0.34502601 -0.14158148 -0.30945676 -0.51013319 -0.70832916
  -0.34118788 -0.31141518 -0.30581344 -0.62889086 -0.33674841 -0.04744074
  -0.63117898 -0.30751672 -0.70457677 -0.51078635 -0.04193685 -0.31041929
  -0.62502765 -0.22663784 -0.14496486 -0.13175469 -0.62557246 -0.70702009
  -0.31171946 -0.31320213 -0.31155718 -0.22887684 -0.62855611 -0.71269111
  -0.63259814 -0.50813824 -0.1401155  -0.3387736  -0.54070199 -0.62712108
  -0.23005357 -0.5419026  -0.13569692 -0.24547533  0.06586322 -0.34465361
  -0.34355357 -0.50449307 -0.10969434 -0.70559468 -0.43117015 -0.54075029
  -0.51017475 -0.53907274 -0.43038622 -0.04454874 -0.42934192 -0.43640865
  -0.43149177 -0.51189415 -0.51012537 -0.4260197  -0.34182692 -0.62643108
  -0.03268451 -0.6326162  -0.13797101 -0.62930779 -0.62790252 -0.53614988
  -0.33439518 -0.53739622 -0.44599235 -0.63377445 -0.5463166  -0.23735636
  -0.54074451 -0.4291626  -0.53872965 -0.42860049 -0.54253179 -0.42684964
  -0.70466805 -0.43194731 -0.03328891 -0.53737255 -0.50547927 -0.50907095
  -0.43475079 -0.70687428 -0.30994871 -0.23048333 -0.24381959 -0.22617877
  -0.31155384 -0.23236867 -0.63369507 -0.53801056 -0.62778926 -0.11078944
  -0.42933755 -0.70846405 -0.31013668 -0.41924557 -0.24770499 -0.31166252
  -0.62682319 -0.54686761 -0.33700664 -0.50320396 -0.71149471 -0.13422313
  -0.33635855 -0.22805294 -0.53758427 -0.54483806 -0.30528297 -0.4287327
  -0.62603176 -0.43770172 -0.62854489 -0.13740151 -0.6249618  -0.3109607
  -0.34340186 -0.62850434 -0.30553236 -0.63004438 -0.62563223 -0.10817237
  -0.70715893 -0.7120772  -0.54791474 -0.42653455 -0.53892398 -0.1380852
  -0.31403806 -0.54214208 -0.53889088 -0.42457709 -0.51080159 -0.23155428
  -0.62423096 -0.71304686 -0.24906033 -0.63417484 -0.42387432 -0.34428514
  -0.70897586 -0.50379865 -0.53544941 -0.43380269 -0.4291675  -0.62453495
  -0.54312521 -0.54130445 -0.62793574 -0.50955627 -0.31315699 -0.44333602
  -0.34040237 -0.7025562  -0.62889252 -0.31127746 -0.42666404 -0.6309249
  -0.30864487 -0.34533578 -0.62876949 -0.34464934 -0.13588153 -0.22429515
  -0.33998732 -0.62941911 -0.34279727 -0.62965591 -0.34286266 -0.04219225
  -0.6326172  -0.70998273 -0.44041557 -0.2229675  -0.51022635 -0.33907903
  -0.30905587 -0.23535714 -0.6336724  -0.22256138 -0.24611722 -0.02759953
  -0.42908062 -0.62356302 -0.51063244 -0.22961291 -0.51237522 -0.50949055
  -0.62785037 -0.62388036 -0.30641293 -0.54250093 -0.53856245 -0.30465346
  -0.03880148 -0.13516166 -0.23188227 -0.54538675 -0.03252828 -0.23074399
  -0.5036955  -0.03190234 -0.31247641 -0.31148499 -0.12996712]]
ololo shape =  (1, 299)
LEN Y:  (299, 1)
LEN p_y:  (299,)
RMSE:  0.41029176509353565
Performance:
 [[ 0  0  0  0  0  0]
 [ 0  0  5 36 30 19]
 [ 0  0  9 35 70 72]
 [ 0  0  0  7 10  6]
 [ 0  0  0  0  0  0]
 [ 0  0  0  0  0  0]]
Accuracy: 0.05351170568561873
MATTHEWS Coefficient: 0.0
>>>